# ost.yaml
image_width: 960
image_height: 720
camera_name: PinHole

camera_matrix:
  rows: 3
  cols: 3
  data: [904.63858364, 0.00000000, 488.16677114,
         0.00000000, 908.00791064, 374.65250125,
         0.00000000, 0.00000000,   1.00000000]

distortion_model: plumb_bob
distortion_coefficients:
  rows: 1
  cols: 5
  data: [-0.04784589, 0.04587871, 0.00153836, -0.00014136, 0.00000000]

rectification_matrix:
  rows: 3
  cols: 3
  data: [1.00000000, 0.00000000, 0.00000000,
         0.00000000, 1.00000000, 0.00000000,
         0.00000000, 0.00000000, 1.00000000]

projection_matrix:
  rows: 3
  cols: 4
  data: [904.63858364, 0.00000000, 488.16677114, 0.00000000,
         0.00000000, 908.00791064, 374.65250125, 0.00000000,
         0.00000000, 0.00000000,   1.00000000, 0.00000000]
