# ost.txt
# oST version 5.0 parameters

[image]
width
960

height
720

[PinHole]
camera matrix
904.63858364 0.00000000 488.16677114
0.00000000 908.00791064 374.65250125
0.00000000 0.00000000   1.00000000

distortion
-0.04784589 0.04587871 0.00153836 -0.00014136 0.00000000

rectification
1.00000000 0.00000000 0.00000000
0.00000000 1.00000000 0.00000000
0.00000000 0.00000000 1.00000000

projection
904.63858364 0.00000000 488.16677114 0.00000000
0.00000000 908.00791064 374.65250125 0.00000000
0.00000000 0.00000000   1.00000000 0.00000000
